41.94
136.23
141.59
70.14
107.66
52.71
35.0
48.04
68.09
107.01
164.76
164.86
164.86
8.05
16.66
45.37
49.46
60.81
174.38
174.58
173.4
173.92
174.05
174.44
174.35
174.49
174.29
174.36
173.88
174.39
174.44
174.05
174.25
174.5
174.31
174.41
174.59
174.41
173.99
174.03
175.04
174.42
174.44
167.0
173.75
172.73
173.84
22.07
20.09
44.09
22.77
25.84
44.37
40.46
42.04
41.15
14.02
802.61
41.92
44.14
40.05
39.53
22.39
22.03
61.37
22.95
22.36
20.37
28.92
21.91
44.13
21.07
23.45
19.33
22.63
172.88
174.29
174.37
174.35
163.55
174.68
174.26
173.67
173.99
159.81
174.73
174.35
103.35
174.64
174.26
173.7
177.32
153.29
174.33
174.56
174.72
174.08
174.31
174.16
174.55
174.21
174.41
174.53
174.58
174.34
179.16
173.88
174.38
